Greedy
0.00109172715754
0.000209785448994
-0.000478662623203
-0.00103126509926
-0.00143658651107
-0.00171492052425
-0.00206485480905
-0.00246554539537
-0.00311564816898
-0.0035323561661
-0.00363631417756
-0.00389737725173
-0.00419485227396
-0.00420497973988
-0.00432797160018
-0.00437510119245
-0.00446470318122
-0.00450252815116
-0.00462252073075
-0.00471494924116
-0.00475113364419
-0.0047598608896
-0.00479617542882
-0.00474431420922
-0.00477655275125
-0.0047922599081
-0.00483742238158
-0.00485736456977
-0.00487011148281
-0.00490661313092
-0.00490447589498
-0.00485048257865
-0.00485983433663
-0.00484235409014
-0.00487712506381
-0.00485978974542
-0.00486507907837
-0.00488111075017
-0.00486413099136
-0.00488976031639
-0.00489539159145
-0.00491585015832
-0.00493308472259
-0.00491734340298
-0.00490759684243
-0.00490339827693
-0.00490762976172
-0.00491630864242
-0.00494731293287
-0.00492076404866
-0.0049397033129
-0.00495408490947
-0.00491494867777
-0.00495051309351
-0.00495795567597
-0.00494575939714
-0.0049566324825
-0.00490438043786
-0.00491173518831
-0.00491289860792
-0.00489677216344
-0.00488713214106
-0.00489226124339
-0.00489063816432
-0.00487971878343
-0.00487580585601
-0.00488414596582
-0.00489885778021
-0.00494456550634
-0.00490543028869
-0.00491861334839
-0.00493379302604
-0.00494062076124
-0.00493999491082
-0.0049552068629
-0.00504191824515
-0.00509165829383
-0.0051217237786
-0.00515434647259
-0.00516285273197
-0.00515699360847
-0.00515757570142
-0.00516125406556
-0.00516760078682
-0.00517192715551
-0.00517149643906
-0.00516985442504
-0.00516120035354
-0.00516084678783
-0.00516504424755
-0.00517049305205
-0.00517207665591
-0.00516610608787
-0.00517255145455
-0.00517217047785
-0.00517579310357
-0.00517834256468
-0.00518264582825
-0.00518120225469
-0.0051850200697
Epsilon 0.1
0.000377789528997
0.000185931176073
-0.000604584535333
-0.00114421803642
-0.00127679756101
-0.00165738827711
-0.00196545857492
-0.00249369419601
-0.00297077610638
-0.00328426752816
-0.00357491091213
-0.00394326940948
-0.00396296330443
-0.00384662482072
-0.00408681362416
-0.00419705572619
-0.00385702395996
-0.00366949966664
-0.00385620534972
-0.00415847630846
-0.00411254399568
-0.00382984436487
-0.00382998291825
-0.00384229810398
-0.00403326102261
-0.00407895533263
-0.00424135434338
-0.00416467067429
-0.00400646239002
-0.00421159646571
-0.00435450306327
-0.00451242530502
-0.00459648356488
-0.00461790407941
-0.00473549528561
-0.0046056403558
-0.00455393560608
-0.00459210832709
-0.00463010590033
-0.00449412526137
-0.00452482539246
-0.00457868795887
-0.00467892577776
-0.00481985903647
-0.00486695411846
-0.00487223914463
-0.00487094501376
-0.00473937478979
-0.00474789747707
-0.00482566470787
-0.00492124242983
-0.00492090925828
-0.00503846774281
-0.00511193761455
-0.00524332579322
-0.00517133468358
-0.00523132159731
-0.00540554678834
-0.00537040783918
-0.00529615772685
-0.00525734841555
-0.00532028826834
-0.00529229150204
-0.00526816908794
-0.00533170319045
-0.00517127149932
-0.00526319450062
-0.00530816451562
-0.00543015414409
-0.00527847681865
-0.00541444466339
-0.00528631849076
-0.00526784088711
-0.00538389386727
-0.00528440616817
-0.00541607157561
-0.00545310508644
-0.00526540430023
-0.00534458220674
-0.00537041212956
-0.00533405916471
-0.00535906165332
-0.00537884863667
-0.00533570019547
-0.00550836871733
-0.00536601753459
-0.00516016973172
-0.00525452719441
-0.00525153538018
-0.00513381530664
-0.00515483173268
-0.00494086693158
-0.00513289860416
-0.00534720371615
-0.00534552990263
-0.005211106059
-0.00525818733338
-0.0053127280178
-0.00525440993239
-0.00534205959849
Epsilon 0.05
0.000909430547403
-0.000120918944944
-0.000369286333768
-0.00100045036964
-0.00176717288867
-0.00234163152899
-0.00267557117121
-0.00283341366257
-0.00306953320773
-0.00316156990676
-0.00369148942642
-0.00413171182037
-0.00379330745668
-0.00381874224504
-0.00407328657664
-0.00428793746048
-0.00442509967988
-0.00426976470855
-0.00446481185733
-0.00484941594771
-0.00489496044449
-0.00500893528079
-0.00493732116218
-0.0047984282876
-0.00489065643629
-0.00484792859796
-0.00476527109884
-0.00477073072594
-0.0049363181289
-0.0049175764505
-0.00495027931811
-0.00503166977934
-0.00486462655461
-0.00477299000386
-0.00487553411461
-0.00484495993705
-0.0048304778115
-0.00466056647207
-0.00489893185687
-0.00510585919368
-0.00506388874139
-0.00504634662462
-0.00512183223756
-0.00518373910058
-0.00515397366963
-0.00505988215577
-0.00506533152022
-0.00501275345087
-0.00502645022934
-0.00513463298953
-0.00504934049668
-0.0050327307351
-0.00500260760667
-0.00500499206865
-0.00497213337288
-0.00499652263538
-0.00510660265096
-0.00514625084674
-0.00513421019437
-0.00511814430042
-0.00508108415098
-0.00495951889398
-0.00487106180341
-0.00485368378154
-0.0048171826724
-0.00470037170524
-0.00476780438898
-0.00475679529068
-0.00456276701077
-0.00464624708656
-0.00475753538658
-0.00484712838206
-0.00487408544106
-0.00478806615774
-0.00484524452521
-0.00486320223781
-0.00491234666536
-0.00491539453527
-0.00489183961524
-0.00484704903089
-0.00493240245537
-0.0047737050715
-0.00477569524094
-0.00481530755503
-0.00500564138574
-0.00495448386007
-0.00488146206971
-0.00480939574606
-0.00494637591844
-0.00480003500383
-0.00482618206258
-0.00486995462963
-0.00494707034699
-0.00493662783645
-0.0047050818179
-0.00471086677066
-0.00475798922032
-0.00478132155291
-0.00476640907888
-0.0046524565164
Epsilon 0.01
0.00103487865863
-0.000375108474393
-0.000776822342786
-0.00176034716407
-0.00202574794709
-0.00252983261081
-0.00303596654066
-0.00314313789632
-0.00328443839015
-0.00353667619825
-0.00386566417833
-0.00400111511132
-0.0040691189654
-0.00403871722529
-0.00425470321305
-0.00421632333745
-0.00423879537475
-0.00422320247589
-0.00424140260145
-0.00423536400677
-0.00421707805442
-0.00415586742002
-0.00426817304667
-0.00437349551099
-0.00440527572339
-0.00446963207189
-0.00455438362778
-0.00455933270062
-0.00457063230811
-0.00456152503804
-0.004600725331
-0.00452012517211
-0.00454648872023
-0.0045867251245
-0.00457649696036
-0.00468361527336
-0.00458365857552
-0.00467988224862
-0.00460948366878
-0.0044377905194
-0.00454881262451
-0.00456083792054
-0.00455606661472
-0.0045375942042
-0.00452567025894
-0.00444719956575
-0.00444444041488
-0.00445394157423
-0.00447987432489
-0.00441713218838
-0.0043794450899
-0.00446152093484
-0.00449884116881
-0.00451473546285
-0.00442341529724
-0.0044566286194
-0.00444809298963
-0.00444334368079
-0.00444111122865
-0.0044385935737
-0.0044727934211
-0.00447103222541
-0.00453344308597
-0.00455459557448
-0.00462183676112
-0.00465354323771
-0.00464618122616
-0.00472246896192
-0.00466955081267
-0.00462988840478
-0.00462517787104
-0.0046138262161
-0.00459731841261
-0.00459209400743
-0.00464268312114
-0.00464356916486
-0.00465611737056
-0.00469393054658
-0.00471504155745
-0.00472925442301
-0.00474955252355
-0.00485005972495
-0.00484403929966
-0.00484786301565
-0.00486204705516
-0.00486714707632
-0.00492638852816
-0.00494343378564
-0.00494213795106
-0.00493021645403
-0.00503050055448
-0.00501771921863
-0.00501980637478
-0.00499965299555
-0.0050705914895
-0.00502495309655
-0.00504406181989
-0.00511505374715
-0.00506621921822
-0.00502990141661
